00000000000000000000000000000000000000000000000000000000000000000000000000000000000000000000000000000000000000000000000000000000000000000000
00000000000000000000000000000000000000000000000000000000000000000000000000000000000000000000000000000000000000000000000000000000000000000000
00000000000000000000000000000000000000000000000000000000000000000000000000000000000000000000000000000000000000000000000000000000000000000000
00000000000000000000000000000000000000000000000000000000000000000000000000000000000000000000000000000000000000000000000000000000000000000000
00000000000000000000000000000000000000000000000000000000000000000000000000000000000000000000000000000000000000000000000000000000000000000000
00000000000000000000000000000000000000000000000000000000000000000000000000000000000000000000000000000000000000000000000000000000000000000000
00000000000000000000000000000000000000000000000000000000000000000000000000000000000011011000000000000000000000000000000000000000000000000000
00000000000000000000000111100000000000000000000000000000000000000000000000000011000011011110011000000000000000000000000000000000000000000000
00000000000000000000000111111000000000000000000000000000000000000001100000000011000111111110011000000000001100000000000000000000000000000000
00000000000000000000001111111000001100000000000110000000000000000111111000000111111111111111111000000000001110000000000000000000000000000000
00000000000000000001101111111111111100011011100111000000000000001111111000000111111111111111111000000000001110000000000000000000000000000000
00000000000000000001111111111111111101111111101111000000000011001111111110000111111111111111111100000000000111111100000000000000000000000000
00000000000000000001111111111111111111111111101110000000001111101111111110110111111111111111111111111111100111111110000000000000000000000000
00000000000000000000111111111111111111111111100111000000001111111111111111111011011111111111111111111111100111111110000000000000000000000000
00000000000000000000111111111111110111111111011111111100011111111111111111111111111111110111111111111110001111111110000000000000000000000000
00000000000000000110011111111111110111111111111111111100011111111011111111111111111111111111111111111111001111111110000000000000000000000000
00000000000000001111011111111111111101111111111111111111011111111101111111111111110111111111111111111111011111111111100000000000000000000000
00000000000000001111111101111111111100111111111111111111011111111111111111111111111111111111011111111111111001111111100011000000000000000000
00000000000000001111111111111111111111111111111111111111111111111011111111111011111011111111111111111111111111111011001111000000000000000000
00000000000011111111111111111111111111111111111111110111111111111101111111111111111111111111111111111111111111111111111111000000000000000000
00000000000011111111111111111111111111111111111111111111110111111111111111111111111111011111111111111111111111111111111111110000000000000000
00000000000011011011111111111101111111111111111110111111111111111111111111111111111111111111101111110111111110111110111111110000000000000000
00000000000011001100111111111111111111111111111111111111111111111111111111111111111111111111111111111111101111111111111111111000000000000000
00000000000000011111111111111111111111111111111111111111111111111111111011111111111111111101111111111111111111111111111111111000000000000000
00000000000111111111111101111111011111111111111111111111111111110111111111111111111111111111110111111111111111111111111111110000000000000000
00000000000111111111111111111111111111111111111111111111111111111111111111111111111111101111111111111111111111111111111111111100000000000000
00000000000111111111111111111111111111101111111111111111111111111111111111111111110111111111111111111101111111111111111111111100000000000000
00000000000001111111111111110111111111111111111111111111111111111111111111111111111111111111111111111111111111111111111111111111100000000000
00000000000001111111111111111111111111111111111111111111111111111110111110111110111111111101111111111111111111111111111111111111111100000000
00000000000001111111101111111111111111111111111111111111111111111111111111111111110111111111111111111111111110111111111111011111111100000000
00000000000001111111111111111111111111111111111111111111111111111111111111110111111111111110111111111111111111111111111111111111111111100000
00000000000001111111111111111111101111110111111111111111111011111111111111111111111111111111111111110111111111111111111101111111111111100000
00000000000011111111111111111111111101111111111111111111111111111101101111111111111111111011111111111111111111110111111111111111111000000000
00000000000011111111111111111111111111111111111111111111111111111111111111111111111111111111111111111111111111011111111111101111111000000000
00000000000011111111111111111111111111101101111111111111111110111111111111111111110111111111111111110111111011111111111111111111110000000000
00000000000011111111111111111111111111111111111111111111111111111111111111111111111111111111111111111111111111111111111111110111111110000000
00000000000011011111111111111110111111111111111111111111111111011111111111111111101111111111111111111111111111111111111111111111111110000000
00000000000011011111111111111111111111111111111111111111111111111111111111111111111111111111111111111111111111111111111111111110111100000000
00000000000000011111111111111111111111111111111111111111111111111111111111111111111111111111111111111111011111111111111111111111111100000000
00000000000011011111111111111111111111111111111111111111111111111111111111111110111111111111111111111111111011111111111111111111111111000000
00000000000011111111101111111111111111111111111111111110111111111111111101111111111111111111111111111111111111111111111111111111111011100000
00000000001111111111111111101101111111111111111110111111111111111111111111111111111111111111111111111111111111011110111111111111111011100000
00000000001111111111111111111111111111101111111111111111111111111111111111111110111111110111111111111111111111111111111111111111110111110000
00000000001111111111111111111111111111101111111101111111111111111111111111111111111111111111111111111111111111111111111111111111111111111100
00000000000001111111111111011111111111111111111111111111111111111111111111111111111111111111011110111111111111111111101111111110111111111111
00000000000001111111111111111111111111111111111111111111111111111111111111111111111111111111111111111111111111111111110111111111111111111111
00000000000001111111111111111111111111111111011111111111111111111111111111111111111111111111111111111111111111111111111111111111111111111111
00000000000111111111111011111111110111111111111011111111111111111111011111111111111111111101111111111111111111111110111111111111011111001111
00000000000111111111111111111111111111111111111111111111111101111111111111111111111111111011111111111111111111111111111111111011111111110000
00000000000001111111111111111111111101111111111111111111111111111111111111111111111111111111111111111111111111111111111111111111111111110000
00000000000001111111101111111111011111011111111111111111111111111111111111111111111110111111011111111111111111111101110111011111110110110000
00000000000000111111111111111101111111111111111111111111011111111111111111111111111111101111011111111111111111111111111111111110110000000000
00000000000111111111111111111111111111111111111011111111111111111111111111111111111111111111111111111111111111111110111111111111110000000000
00000000000111111111111011111111111111111111111110110111101111111111111110111111111111111111111111111111111111111110111111111111110000000000
00000000011111111011111111111111111111111111110111111111111011111111111111111111111111111111111101111111111111111111111111101111110000000000
00000000011111111110111111111111111101111111111111111111111100111111111111111111111111111111111111111111111101111111111111111111110000000000
00000000111111111111111111111111011111111111111111111111111100111111111111111011110011111111111111111110110111111110111111111111000000000000
00000000111111111111111111111101111111111111111111111111111111111111111111111111111111111111110111111111111111111111111111111111000000000000
00000000011111111011111111111111111111111111111111111111111111111111111111111111111111011111111011111111111111111111111111111110000000000000
00000011111111111111011101101111111111111111111111111110111111111111111111111110111111001111111111111111111111111111111111111110000000000000
00001111111111111111111111111111111111111111111111111111111111111111111111111111111111011111111111111111011111111111111111111100000000000000
00001111111111111111111111111111111111111110111111111111111000001111111111111111111111011111111111111111111111110111101111101111000000000000
00000110111111111111111101111111111111111111111111111111111000001111101110111111111111011111111111111111111111111111111111101111000000000000
00000000011111111111111111111111111111111111110111111111111100001111111110111111101111111111111111111111111111111111111110011111110000000000
00000000011111111111111111111111111111111111111011111111111100000000111111111011101111111111111111111111111111111111111111111111110000000000
00000000011111111111110111111111111111111111111111111111111111110000001111111011001111111011011111111111111101111111111111111111110000000000
00000000011111111111111111111111111111111111111101111111111111110000011111100011011111111111111111111111111111111111111110111111110000000000
00000000111111111111111111111111111111111111111111111101111111100000011110000000011111111111111111111111111111111111011111111111100000000000
00000000111111111111011111111111111111111111111111110111111111000000000000000000001111111111111111111111011111111111111111111111110000000000
00000000111110111101111111111111111111111111111111111111111100000000000000000000000011011111111111111111111111111011111111101111110000000000
00000000111111111111111111111111111111111111111111111111111110000000000000000000011111111111111011111111111011111111111101111111100000000000
00000000011111111111111111111111111111110111111111111111111111100000000000000000011111111111111111111111111111111111111111111111100000000000
00000000000111111111111111111111111111111111111111111111111111110000000000000000011111111111111111111111111111111111111111111111110000000000
00000000000111111111111111111111111111111111111111111111001101110000000000000000011111111111111111111111111110111111110111111111110000000000
00000000000000111111111111110111111111111111111111111111110111100000000000000001111111111111111111111111111111110111111110111101100000000000
00000000000000011011110111111111111111111111111111101111111111100000000000000001111111101111111111111111111111111111111111111101100000000000
00000000001100111110111111111111111111111111111111111111111110110000000000000000011111111111111111111111111111111111111111111111110000000000
00000000001111111111111111111111111111101111111111111101111000111100000000000111111111111111111111111111011111111111111111111111111000000000
00000000011111111111111111111111111111111111111111111111111001111111100000000111111111111111111111111111111111111111111111111111111000000000
00000000011111111110111111111111111111111111111111111111011011111111100000001111111111111111111111110111111111111111111111111110110000000000
00000001101111110011111111111111111111111011111111111111111111101100000000011111111111111111111111111111011111111111111111111111111000000000
00000001111111111111111111111101110111111111111111111011111111111000000001111101111111111111111111111111111101101111011011110111111110000000
00000001111111111111111111111111111111111111111111110111111111111000000011111111111011111111111111111111111111111111111111101111111110000000
00000001111111111111111111111111101111111111111111111111111111111110000011111111111111111111111111111111111111111111111111111111111110000000
00000000011111111111111111111111111111111111111111111111111111111110110111111111111111111111111111111111111111111011110111111111111110000000
00000000001111111111111111111111111111111111111111111111111111011011111111111110111110111111111111111111111111111111111011111111111000000000
00000000111111111111111110111111011111111111111111111111111111111111111111111111111111101101111111111111111111111111111111111111100000000000
00000000111111111111111111111110111111110111111111111111011111111111011111111111111111111111111111111111111111111111111111111111100000000000
00000000011111111111111111111111111111111111111111111111111111111111111111111111111111111111101111111111111111111111101111111111000000000000
00000000000111111111111111111111111111111111111111111111111111111111111111111111011111111111111111111111111110111111011111111111100000000000
00000000001111110111111111111111111111111111111111111101111111111111111011111111111111111111111101111111111111111111111111111111100000000000
00000000001111111111111111111111111111111111111111111111111111111111111111111111111110111111111111111111111111111111111111111111111000000000
00000000000111111111111111111111111111111111111111111111111111111111111111111111011111111111111111111111111111111101111101111111111000000000
00000000000111111111111111111111111111111111111111111111011111111111111111111111110111111111110111111111111111111111111111111111100000000000
00000000000011111111111111111110111111111111111111111111111111111111111111111111111111111111111111111111111111111111111011111111111000000000
00000000000111110011011111111111111110111111111111111111111111111111111111111111111111111111111111111111111111111111111111111101111000000000
00000000000111111111111111111111111111111111111111111111111111111111111111111111111111101111111111111111111111111111111111111111110000000000
00000000000110111111111111111111111111111101101111111111111111111111111111111111111111111111111111111111111111111111101111111111110000000000
00000000001111111111111101111111111111101111111111111011110111111111111111111111110111111111111111111111111111111111111111111111100000000000
00000000001111111111111111111111111111111111111111111111111111111111111111111111111111111111111111111111111111111111111111111111110000000000
00000000000110110111111111111111111111110111111111111111111111111111111111111111111111111111111111111111111111111011111111111111111000000000
00000000000001111101111111111111111111110111111111111111111101111111111111111111111111111111111111111111111111111111111011111111111100000000
00000000000111111110111101111111111111111111111110111111111111111110111111011111111111111111111111111111111111110111111111111111111110000000
00000000001111111111111011111111111111111111111111111011111111111111111111111111111111111111111111111111111111111111111111111111101110000000
00000000001111111111111111111111111111110111111111110111111111111111111111111111111111111111111101111111111111111111111011111111000000000000
00000000111111111111111111111101111111111111111111111111111111111111111111111111111111111111111111111111111111111111011111111111100000000000
00000000111111111101111111111111111111111011111111111111111101101101111111111111110111111111101111111111111111111111111111111111100000000000
00000011011111111111111111011011111111111111111111111111111111111111110111111111111111111111111111111111111111111111111111111111000000000000
00000011111111111111111111111111011111111111111111111011111111111111111111111111111111111111111111111111111111111111111111111111000000000000
00000011111011111111110111111111111101111111111111110111111111111111111111111111111111111111101111111111111111111111111111110000000000000000
00000000110111111111111111111111111111110111111111111111111111111111111111111111111110111111111111111111110111111111111111111000000000000000
00000001111111111111111111111111111111111111111110111111111111111111111111111111111111111111111111111111111111111111111111111111000000000000
00000001111110111111111111111111111111011111111111110111111111111111111111111111111111111111011011111111111111111111111101111111000000000000
00000000011110111101111110111101111111111111111111111111111111111111111111111111111111111111111111101101111111111111111111111111100000000000
00000000011111111111111111111111111111111111111111111111111111111111111111111111111111111011111111111111110111111111111111111111100000000000
00000000011001111111111111111111111111011101111111111111111111111111111011111111111111111111111101111111111111111011111111101111000000000000
00000000000011111111111111101111111111111111101111111111111111111111101111111101111111111111111111111111111110111101111111101111000000000000
00000000000011111111111111001111111111111011111111111111111111111111111111111111111111111111111111111111111111111111111111111111000000000000
00000000000001111111111111001111111111111111111101111111111111111111111110111111111110111111111111111111111111111011111111111100000000000000
00000000000001111111111100001111111110111111111111111111111111111111111111111111111111111111111111111111101111011111111111111110000000000000
00000000000000110111000000000011111111111111111111111111111111111111111111110111111111110111111111111111111111111111111110011110000000000000
00000000000000000110000000000011111111111111111111111111111111111111111111111111111111101111111111111111111011111101111111111000000000000000
00000000000000000000000000000011011111111101111111111111111111111111111111111111111111111111111101111110111111111111111111100000000000000000
00000000000000000000000000000000000111111111111111111111111111111111111111110111011111111111111111111111111111111111111110000000000000000000
00000000000000000000000000000000000111111111001111111011111111111111011111011111111111101111111111111011111111111111011000000000000000000000
00000000000000000000000000000000011111111111011111111101111111111111111111111111111111111111110111111101111111101111100000000000000000000000
00000000000000000000000000000000011111111110111111111111111111111111111111111011111111111111111111111111111111111111100000000000000000000000
00000000000000000000000000000000001111111111111111101111110111111111111111011111101111111111101111111111111111111111000000000000000000000000
00000000000000000000000000000000001111111111011111011111111111111111111111001111011111111111111101111111111111100000000000000000000000000000
00000000000000000000000000000000000001111110011111111110111111111111110000001111011111111101111111111111111111100000000000000000000000000000
00000000000000000000000000000000000001100000001111111111111111111111110000000111111011111111111111111111111111100000000000000000000000000000
00000000000000000000000000000000000000000000000011110111111111101100000000000011111011111111111101111111111111000000000000000000000000000000
00000000000000000000000000000000000000000000000011100111111000000000000000000001111011111001111101111111111111000000000000000000000000000000
00000000000000000000000000000000000000000000000011000011111000000000000000000000000000111001111111111100111110000000000000000000000000000000
00000000000000000000000000000000000000000000000000000000000000000000000000000000000000000000000011111100111100000000000000000000000000000000
00000000000000000000000000000000000000000000000000000000000000000000000000000000000000000000000001100000001100000000000000000000000000000000
00000000000000000000000000000000000000000000000000000000000000000000000000000000000000000000000000000000000000000000000000000000000000000000
00000000000000000000000000000000000000000000000000000000000000000000000000000000000000000000000000000000000000000000000000000000000000000000
00000000000000000000000000000000000000000000000000000000000000000000000000000000000000000000000000000000000000000000000000000000000000000000
00000000000000000000000000000000000000000000000000000000000000000000000000000000000000000000000000000000000000000000000000000000000000000000
